6.346142939664752014e-02
-3.672330304535959544e-01
2.756359975620731873e-01
2.185359217210019356e+00
2.741783504513780612e-01
1.027418409865267668e+00
1.312205290748917674e+00
4.821866440678898025e-01
-7.533771822312251842e-01
-8.613944188068885233e-02
-2.737643737545745193e-01
2.496055137518075548e-02
-5.575722287127681254e-01
1.197162632293537587e+00
-1.793535059774046925e+00
-9.837384037552380223e-01
-1.363069194041867771e+00
4.077095938054228208e-01
6.182171053281064754e-01
3.550045263872687040e-01
4.170376895885441471e-01
1.381665699393234970e-01
1.140839545428902424e+00
9.689635458424913361e-01
1.777818059524757022e+00
-1.442433352961932203e+00
4.497042325711462230e-01
2.578887887173500371e+00
-7.063741238297024383e-01
-1.292745164531218516e-01
1.287909421858149939e+00
8.837901470266841253e-01
-6.466217627149527247e-02
-1.689230833190508152e-01
1.072326213162035913e+00
-7.726862564113247123e-01
1.247900769423252676e+00
2.599354767007417966e-01
-4.761641548978566285e-01
1.572888050109200853e+00
4.386284575474248548e-01
2.137742825248120759e+00
7.220199717194796252e-01
-2.009363908969433954e+00
-5.327761434677573682e-01
-2.639651298852558892e-01
9.091275255702578884e-01
3.605563618900288758e-01
4.304912969288496316e-01
-2.843592338459540181e-01
-6.409229643447428293e-01
-1.373809373381651655e+00
1.595910724869562314e+00
-1.148365021225101756e+00
-7.119820881974664450e-01
7.770284760562038429e-01
-2.035534367582467752e-01
-2.600592717825683797e-01
-3.142231477067534140e-01
-2.977605479689316992e-01
-7.572964707761321856e-02
-2.741340207658657935e-01
-4.443933554838923605e-01
-5.062731965042891469e-01
8.770364806503639921e-01
6.641552801639928338e-01
-1.417900176009791791e+00
9.227666812917471040e-01
8.967515064190154095e-02
8.318091189020868637e-01
-7.526765796690680910e-01
6.264593479942943688e-01
-1.812960642940830924e+00
1.357858559013059629e+00
-6.770105221740245760e-01
-2.520027884701007692e-01
6.003769826054887737e-01
3.520284456341857271e-01
8.330864300603233463e-01
1.083459188888080821e-01
-1.448071896700914962e+00
4.195903189413158763e-01
-1.487900287596982452e+00
-1.599055583393000024e+00
4.598326905007897314e-01
4.633498322966957128e-02
8.726306504388035012e-01
1.529789062528448484e+00
9.494494518313265630e-01
-3.030700660385750589e-01
-1.171362930638165434e+00
7.279978882864200918e-01
2.404731600318230633e-01
1.307183591451621885e+00
7.045962462096746481e-01
6.448667667698488870e-01
5.231816222175332820e-01
7.698734609730011336e-01
-9.860513492751002973e-01
1.817364954084610185e+00
1.100449019390317806e+00
-5.466390235830286271e-01
-1.829106641043783121e-01
-6.421791902332331103e-01
2.935420925783032708e-01
-7.160127577119296260e-01
9.266484312148793867e-01
1.455029089497205108e-01
1.284234033089611593e+00
-2.124517534233103522e-01
-3.961685801924613171e-01
-4.210325932271883342e-01
1.113646891055731114e+00
4.404874065712835463e-01
9.366239354360018643e-01
1.266334030433426294e+00
-4.265732879663754473e-01
-2.458636026626717985e+00
-7.309145223926512003e-01
-1.915211703014570721e-01
-8.619460576882110869e-01
-1.640052985074516301e-01
-2.703658626334523030e-01
3.783518536654137954e-01
2.311379877847445474e+00
-4.700863172813534163e-01
-7.876097033255855528e-01
-1.528544079552875301e+00
-1.304036046328523879e+00
-1.242258002370448366e+00
-2.120438773601897697e+00
-1.874543411175614072e+00
3.683457153897130576e-01
7.856310985382000123e-01
-8.278136676175695818e-01
1.549616342819786219e+00
-4.964261656214022378e-01
-2.620643124677374813e-01
-1.178652973522027914e+00
7.496350312647682701e-01
-4.881947662147403388e-01
-1.248363489336675070e+00
-3.262098388670119919e-01
1.763107458789904936e+00
-8.983142198429746594e-01
2.763930487975942429e-01
5.759989951249719908e-01
2.129946061984299213e-02
-8.038919988427307706e-01
-1.122748180048684929e+00
8.363258449212876977e-01
-1.577265087949319966e+00
-4.205479925374041583e-01
1.333371388915662870e+00
7.017995802516119319e-01
-7.793493661071362322e-01
6.051483788800964270e-01
-1.135666740765024496e-01
-4.902246181072939524e-01
7.982757300320282301e-01
5.319099239042238692e-01
-7.817758082970078792e-01
-7.469728716443229111e-01
7.001712123339604021e-01
1.774778912130270947e-01
-6.710308740522308302e-01
-8.379366929363072369e-01
-8.893113192213405460e-01
1.708138678001664204e-02
-5.493653991964564387e-01
-7.388947197970725522e-01
-4.888933330176141179e-01
-5.429966706394586673e-01
-1.583787387246842204e+00
6.271455059721965375e-01
-2.315747845210263389e-01
-1.272530516796576139e+00
3.235232050449196595e-01
1.675791728122357771e-01
-3.879572375860956823e-01
-1.433778973930277256e-01
4.468065326224943679e-01
1.208821294233432209e+00
-2.227383770718425637e+00
9.408527060020713262e-02
9.318924997210241701e-01
-1.562363787302981422e+00
-8.778787739742794916e-01
8.047390959498676999e-01
1.987975432331383630e+00
-8.099177141364621857e-01
1.707377648539641024e+00
9.445934525119941139e-01
8.612132907166971663e-01
4.920388732913510976e-01
4.165664265565985902e-01
-1.067336192205919389e-02
-5.637781451139588507e-01
-8.912661323926464041e-01
-1.508171009683216601e+00
-7.164124405764887848e-02
-7.613879800537440290e-02
-1.023126057599764716e+00
-5.361366429230636221e-01
-8.075032271735158029e-02
2.270179987986211956e-01
-1.329720189463942770e+00
1.371527040280342780e+00
-6.490366614616345231e-01
-1.163941041880002025e+00
-1.851098820948739565e+00
-7.483596550148512438e-01
-4.769071987972803295e-01
-8.557723121220693618e-02
1.087453193529444029e+00
-8.501753645201022280e-01
6.594297745267169164e-01
-4.566579297182835062e-03
9.537062777432910032e-02
-4.005152474384863215e-01
3.039352270487698515e-01
1.467868392021217883e+00
1.024158658951428880e+00
1.939425328874171128e-02
5.113938612449191456e-01
5.135701284181765081e-01
-1.686436521504456332e+00
1.108193448996093400e+00
-1.587866176513090144e+00
1.728011898108948952e+00
-5.876790824976741989e-01
3.789751505729201386e-01
5.436713737419945902e-01
-2.242852125095240901e+00
-1.158775064645611641e+00
-1.469285061628358424e-01
1.087189575630828298e+00
1.372097693038993871e+00
9.761650803533067355e-01
-1.272799018997738674e-01
4.229902947553535464e-01
3.472525181617758805e-01
-2.677507249349131424e+00
-7.009546105229671475e-01
-9.446374364804352441e-02
-2.363586826311956934e-01
2.018205423197149351e+00
-2.018492529335246477e+00
8.150692472947616007e-01
-1.920124983006896269e+00
-6.090992837176725239e-01
3.728032663992721374e-01
4.043946702854000486e-01
-9.510039616135544938e-01
1.474867814840467029e-01
1.202541093907780967e+00
